[gd_scene load_steps=64 format=3 uid="uid://bfgyn3i1nqd6r"]

[ext_resource type="PackedScene" uid="uid://c80ewa62atoxx" path="res://scenes/levels/level.tscn" id="1_a5q5x"]
[ext_resource type="PackedScene" uid="uid://defd80nyuanxo" path="res://graphics/environment/objects/barrel.glb" id="2_0hdjl"]
[ext_resource type="PackedScene" uid="uid://de3a3dbcnxcnt" path="res://scenes/entities/other/bird.tscn" id="2_2bds6"]
[ext_resource type="PackedScene" uid="uid://c7d1qhfqo7yhd" path="res://scenes/levels/overworld_skin.tscn" id="2_hcpax"]
[ext_resource type="Script" uid="uid://u1ka465n6nyn" path="res://scenes/levels/overworld.gd" id="2_to26s"]
[ext_resource type="PackedScene" uid="uid://ddsvnkbeyypbu" path="res://graphics/environment/objects/tree2.glb" id="3_ulv51"]
[ext_resource type="PackedScene" uid="uid://c4a12wpedud1e" path="res://scenes/entities/enemies/skeleton_mage.tscn" id="4_p0ldk"]
[ext_resource type="PackedScene" uid="uid://bkmfvv8om32xq" path="res://graphics/environment/objects/tree1.glb" id="5_8ccqv"]
[ext_resource type="PackedScene" uid="uid://dq5aphk4y6sfu" path="res://scenes/entities/enemies/skeleton_warrior.tscn" id="5_seun0"]
[ext_resource type="PackedScene" uid="uid://cmmdtdawyvkdr" path="res://graphics/environment/objects/tree3.glb" id="6_ayuq1"]
[ext_resource type="PackedScene" uid="uid://cnx8e4v6j3cwv" path="res://graphics/environment/objects/tree4.glb" id="7_nsye3"]
[ext_resource type="Script" uid="uid://bvkl81petqt5w" path="res://scenes/randomize/trees.gd" id="7_ysyxr"]
[ext_resource type="PackedScene" uid="uid://c04ysd6ex0ubs" path="res://graphics/environment/objects/pinetree.glb" id="8_6ng5w"]
[ext_resource type="PackedScene" uid="uid://bgkbet728sbnu" path="res://graphics/environment/objects/target.glb" id="9_ljeqm"]
[ext_resource type="PackedScene" uid="uid://ml08shfcjeyy" path="res://graphics/environment/objects/shrine.glb" id="10_56y2l"]
[ext_resource type="PackedScene" uid="uid://017tob8o06v3" path="res://graphics/environment/objects/log.glb" id="11_3ailu"]
[ext_resource type="PackedScene" uid="uid://cj0l2q4u7m6ly" path="res://graphics/environment/objects/rocks2.glb" id="11_3wmmu"]
[ext_resource type="PackedScene" uid="uid://cw8b2woh0hlrx" path="res://graphics/environment/objects/rocks3.glb" id="12_7ivth"]
[ext_resource type="PackedScene" uid="uid://fxi3picm86d8" path="res://graphics/environment/objects/lantern.glb" id="12_wj4me"]
[ext_resource type="PackedScene" uid="uid://crbb8scv3stc0" path="res://graphics/environment/objects/fence_post.glb" id="13_5serd"]
[ext_resource type="PackedScene" uid="uid://b7fri258q6w5x" path="res://graphics/environment/objects/rocks4.glb" id="13_6qq0d"]
[ext_resource type="PackedScene" uid="uid://cefax5g013mud" path="res://graphics/environment/objects/fence_middle.glb" id="14_sit3j"]
[ext_resource type="PackedScene" uid="uid://b4rhqen2u7u1d" path="res://graphics/environment/objects/campfire.glb" id="15_u3neq"]
[ext_resource type="PackedScene" uid="uid://slk1ga1hqhs2" path="res://graphics/environment/objects/box.glb" id="16_cenko"]
[ext_resource type="PackedScene" uid="uid://cl6jdraxnqkty" path="res://graphics/environment/objects/rocks1.glb" id="17_wbr8w"]
[ext_resource type="PackedScene" uid="uid://busa8h5c44075" path="res://graphics/environment/objects/platoon.glb" id="21_npwjy"]
[ext_resource type="PackedScene" uid="uid://lforr8lmeko6" path="res://graphics/environment/objects/rock5.glb" id="21_rcd1k"]
[ext_resource type="PackedScene" uid="uid://dxvaiymlygd8b" path="res://graphics/environment/objects/camp.glb" id="22_ce0xv"]
[ext_resource type="PackedScene" uid="uid://d2pglgy0w12pg" path="res://graphics/environment/objects/chest.glb" id="23_tkk5w"]
[ext_resource type="PackedScene" uid="uid://brlwya60kj6qf" path="res://scenes/levels/bridge.tscn" id="24_iwcyd"]
[ext_resource type="PackedScene" uid="uid://hroga1y23ku3" path="res://scenes/levels/castle.tscn" id="25_ip8op"]
[ext_resource type="PackedScene" uid="uid://524x05lhcnpr" path="res://scenes/vfx/water.tscn" id="31_2q40r"]
[ext_resource type="PackedScene" uid="uid://bdbb3smwrg56k" path="res://scenes/vfx/grass_blade.tscn" id="32_itbe3"]
[ext_resource type="AudioStream" uid="uid://cvq05fj2rym4b" path="res://audio/stream.mp3" id="32_rl1sj"]
[ext_resource type="Script" uid="uid://bk0bqp8f2kn72" path="res://addons/proton_scatter/src/scatter.gd" id="33_c1ohk"]
[ext_resource type="Script" uid="uid://c0j02ykvil4kt" path="res://addons/proton_scatter/src/stack/modifier_stack.gd" id="34_gg5r1"]
[ext_resource type="Script" uid="uid://vj142ajf33d" path="res://addons/proton_scatter/src/modifiers/base_modifier.gd" id="35_yxjth"]
[ext_resource type="Script" uid="uid://cl3oetohdro6" path="res://addons/proton_scatter/src/modifiers/create_inside_random.gd" id="36_p26xc"]
[ext_resource type="Script" uid="uid://kqwv3tjnpbns" path="res://addons/proton_scatter/src/modifiers/randomize_transforms.gd" id="37_2lag5"]
[ext_resource type="Script" uid="uid://bpvmpb7vor77e" path="res://addons/proton_scatter/src/modifiers/relax.gd" id="38_cwynp"]
[ext_resource type="Script" uid="uid://dqor5v7r04im7" path="res://addons/proton_scatter/src/modifiers/project_on_geometry.gd" id="39_mfc27"]
[ext_resource type="Script" uid="uid://d0uxwjnchbo46" path="res://addons/proton_scatter/src/scatter_item.gd" id="40_8uh5p"]
[ext_resource type="Script" uid="uid://ch21a2fd01x1i" path="res://addons/proton_scatter/src/scatter_shape.gd" id="41_xkqm0"]
[ext_resource type="Script" uid="uid://bu6au2xan2a68" path="res://addons/proton_scatter/src/shapes/sphere_shape.gd" id="42_bfhem"]
[ext_resource type="PackedScene" uid="uid://daj2g4oqrw0ol" path="res://scenes/levels/rain.tscn" id="45_y2yut"]
[ext_resource type="PackedScene" uid="uid://e6l88kmd53l0" path="res://scenes/levels/level_manager.tscn" id="46_0882p"]
[ext_resource type="PackedScene" uid="uid://0vnkkwcbml1j" path="res://Global/level_timer.tscn" id="47_ausg6"]

[sub_resource type="ProceduralSkyMaterial" id="ProceduralSkyMaterial_hkej2"]
sky_top_color = Color(0.367554, 0.773052, 0.958684, 1)
sky_horizon_color = Color(0.638261, 0.735962, 0.782066, 1)
ground_bottom_color = Color(0.185491, 0.170795, 0.169581, 1)
ground_horizon_color = Color(0.638261, 0.735962, 0.782066, 1)

[sub_resource type="Sky" id="Sky_hr4cs"]
sky_material = SubResource("ProceduralSkyMaterial_hkej2")

[sub_resource type="Environment" id="Environment_f3bnl"]
background_mode = 1
background_color = Color(0.482353, 0.509804, 0.901961, 1)
sky = SubResource("Sky_hr4cs")
ambient_light_source = 2
ambient_light_color = Color(0.968627, 0.835294, 0.858824, 1)
ambient_light_energy = 0.6
ssr_max_steps = 14
ssao_enabled = true
ssil_enabled = true
glow_enabled = true
glow_intensity = 0.09
glow_strength = 0.85
glow_blend_mode = 1
fog_enabled = true
fog_light_color = Color(0.509804, 0.87451, 0.890196, 1)
fog_density = 0.0001
volumetric_fog_enabled = true
volumetric_fog_density = 0.0161
adjustment_enabled = true
adjustment_brightness = 1.1
adjustment_contrast = 1.2

[sub_resource type="CameraAttributesPractical" id="CameraAttributesPractical_k8aeh"]
dof_blur_far_enabled = true
dof_blur_far_distance = 150.0
dof_blur_far_transition = 250.0
dof_blur_amount = 0.06

[sub_resource type="Curve3D" id="Curve3D_bncnu"]
_data = {
"points": PackedVector3Array(0, 0, 0, 0, 0, 0, -75.5815, 0, 110.116, -100.677, 0, -14.3824, 100.677, 0, 14.3824, 115.499, 0, 109.294, -1.23279, 0, -64.1044, 1.23279, 0, 64.1044, 243.708, 0, 209.56, 176.287, 0, -4.5202, -176.287, 0, 4.5202, 46.8743, 0, 389.956, 2.05466, 0, 142.591, -2.05466, 0, -142.591, -203.379, 0, 276.54, 0, 0, 0, 0, 0, 0, -75.5815, 0, 110.116),
"tilts": PackedFloat32Array(0, 0, 0, 0, 0, 0)
}
point_count = 6

[sub_resource type="BoxShape3D" id="BoxShape3D_wqgyd"]
size = Vector3(1, 3.35852, 3.59875)

[sub_resource type="Resource" id="Resource_ausg6"]
script = ExtResource("36_p26xc")
amount = 5000
enabled = true
override_global_seed = false
custom_seed = 0
restrict_height = true
reference_frame = 1

[sub_resource type="Resource" id="Resource_nfp3b"]
script = ExtResource("37_2lag5")
position = Vector3(0.15, 0.15, 0.15)
rotation = Vector3(20, 360, 20)
scale = Vector3(0.5, 0.5, 0.1)
enabled = true
override_global_seed = false
custom_seed = 0
restrict_height = false
reference_frame = 2

[sub_resource type="Resource" id="Resource_whk71"]
script = ExtResource("38_cwynp")
iterations = 3
offset_step = 0.2
consecutive_step_multiplier = 0.75
use_computeshader = true
enabled = true
override_global_seed = false
custom_seed = 0
restrict_height = true
reference_frame = 0

[sub_resource type="Resource" id="Resource_r111s"]
script = ExtResource("39_mfc27")
ray_direction = Vector3(0, -1, 0)
ray_length = 5.0
ray_offset = 5.0
remove_points_on_miss = false
align_with_collision_normal = false
max_slope = 90.0
collision_mask = 1
exclude_mask = 0
enabled = true
override_global_seed = false
custom_seed = 0
restrict_height = false
reference_frame = 0

[sub_resource type="Resource" id="Resource_b80c1"]
script = ExtResource("34_gg5r1")
stack = Array[ExtResource("35_yxjth")]([SubResource("Resource_ausg6"), SubResource("Resource_nfp3b"), SubResource("Resource_whk71"), SubResource("Resource_r111s")])

[sub_resource type="Resource" id="Resource_g8bsm"]
script = ExtResource("42_bfhem")
radius = 10.6481

[sub_resource type="ParticleProcessMaterial" id="ParticleProcessMaterial_y2yut"]
emission_shape = 3
emission_box_extents = Vector3(10, 0.5, 10)
direction = Vector3(0, -1, 0)
spread = 5.0
initial_velocity_min = 15.0
initial_velocity_max = 15.0
color = Color(0.650128, 0.650128, 0.650128, 1)
collision_mode = 1
collision_friction = 0.0
collision_bounce = 0.0

[sub_resource type="Curve" id="Curve_y2yut"]
_limits = [0.0, 1.0, 0.0, 0.1]
_data = [Vector2(0.00265487, 0.0224719), 0.0, 0.0, 0, 0, Vector2(0.0146018, 0.550562), 14.8127, 14.8127, 0, 0, Vector2(0.0336283, 1), 0.0, 0.0, 0, 0, Vector2(0.1, 0.011236), 0.0, 0.0, 0, 0]
point_count = 4

[sub_resource type="StandardMaterial3D" id="StandardMaterial3D_0882p"]
cull_mode = 2
shading_mode = 0
vertex_color_use_as_albedo = true
use_particle_trails = true

[sub_resource type="RibbonTrailMesh" id="RibbonTrailMesh_0882p"]
material = SubResource("StandardMaterial3D_0882p")
curve = SubResource("Curve_y2yut")

[node name="Overworld" instance=ExtResource("1_a5q5x")]
script = ExtResource("2_to26s")

[node name="WorldEnvironment" type="WorldEnvironment" parent="." index="0"]
environment = SubResource("Environment_f3bnl")
camera_attributes = SubResource("CameraAttributesPractical_k8aeh")

[node name="DirectionalLight3D" type="DirectionalLight3D" parent="." index="1"]
transform = Transform3D(-0.866023, -0.433016, 0.250001, 0, 0.499998, 0.866027, -0.500003, 0.749999, -0.43301, 0, 0, 0)
light_color = Color(0.941176, 0.941176, 0.941176, 1)
shadow_enabled = true
shadow_opacity = 0.9
shadow_blur = 4.5

[node name="Player" parent="Entities" index="0"]
transform = Transform3D(1, 0, 0, 0, 1, 0, 0, 0, 1, -1.6247, 13.2748, -80.0779)

[node name="Path3D" type="Path3D" parent="Entities" index="1"]
transform = Transform3D(1, 0, 0, 0, 1, 0, 0, 0, 1, -36.5179, 76.5654, -45.2434)
curve = SubResource("Curve3D_bncnu")

[node name="Bird" parent="Entities/Path3D" index="0" instance=ExtResource("2_2bds6")]
transform = Transform3D(-0.088758, 0, 0.996053, 0, 1, 0, -0.996053, 0, -0.088758, -40.8621, 0, 105.991)
progress = 34.97
use_model_front = true

[node name="SkeletonMage" parent="Entities" index="2" instance=ExtResource("4_p0ldk")]
transform = Transform3D(1, 0, 0, 0, 1, 0, 0, 0, 1, -137.129, -34.8203, 291.665)

[node name="SkeletonWarrior" parent="Entities" index="3" instance=ExtResource("5_seun0")]
transform = Transform3D(1, 0, 0, 0, 1, 0, 0, 0, 1, -40.5337, -18.2257, -34.8127)

[node name="SkeletonWarrior2" parent="Entities" index="4" instance=ExtResource("5_seun0")]
transform = Transform3D(1, 0, 0, 0, 1, 0, 0, 0, 1, -40.5337, -18.2257, 14.22)

[node name="SkeletonWarrior3" parent="Entities" index="5" instance=ExtResource("5_seun0")]
transform = Transform3D(1, 0, 0, 0, 1, 0, 0, 0, 1, -36.8177, -18.2257, -26.9622)

[node name="SkeletonWarrior4" parent="Entities" index="6" instance=ExtResource("5_seun0")]
transform = Transform3D(1, 0, 0, 0, 1, 0, 0, 0, 1, -36.8177, -18.2257, 20.2452)

[node name="overworld_environment" parent="Environment" index="0" instance=ExtResource("2_hcpax")]

[node name="Trees" type="Node3D" parent="Environment/overworld_environment" index="4"]
script = ExtResource("7_ysyxr")

[node name="tree2" parent="Environment/overworld_environment/Trees" index="0" instance=ExtResource("3_ulv51")]
transform = Transform3D(1, 0, 0, 0, 1, 0, 0, 0, 1, -41.2027, -31.4987, 62.799)

[node name="tree3" parent="Environment/overworld_environment/Trees" index="1" instance=ExtResource("3_ulv51")]
transform = Transform3D(0.731218, -0.0604537, 0.67946, -0.0249855, 0.993023, 0.115241, -0.681686, -0.101243, 0.724606, -46.1152, -31.9256, 70.6393)

[node name="tree1" parent="Environment/overworld_environment/Trees" index="2" instance=ExtResource("5_8ccqv")]
transform = Transform3D(1.51123, 0, 0, 0, 1.3653, 0, 0, 0, 1.56901, -52.723, -30.986, 44.5459)

[node name="tree4" parent="Environment/overworld_environment/Trees" index="3" instance=ExtResource("3_ulv51")]
transform = Transform3D(1, 0, 0, 0, 1, 0, 0, 0, 1, -74.0607, -24.7029, 40.0907)

[node name="tree5" parent="Environment/overworld_environment/Trees" index="4" instance=ExtResource("6_ayuq1")]
transform = Transform3D(0.803921, 0, 0, 0, 0.878345, 0, 0, 0, 0.825756, -46.2114, -31.4236, 48.2006)

[node name="tree7" parent="Environment/overworld_environment/Trees" index="5" instance=ExtResource("3_ulv51")]
transform = Transform3D(0.820382, 0.13908, -0.554645, 7.12575e-09, 0.96997, 0.243226, 0.571817, -0.199538, 0.795745, -73.0153, -31.4987, 73.7684)

[node name="tree8" parent="Environment/overworld_environment/Trees" index="6" instance=ExtResource("6_ayuq1")]
transform = Transform3D(0.786597, 0.0179403, 0.18299, 0, 0.8053, -0.0840454, -0.177599, 0.0794585, 0.810472, -78.024, -28.4653, 59.17)

[node name="tree6" parent="Environment/overworld_environment/Trees" index="7" instance=ExtResource("7_nsye3")]
transform = Transform3D(1, 0, 0, 0, 1, 0, 0, 0, 1, -57.1163, -32.2065, 53.9062)

[node name="tree9" parent="Environment/overworld_environment/Trees" index="8" instance=ExtResource("3_ulv51")]
transform = Transform3D(0.539814, 0, -0.841784, 0, 1, 0, 0.841784, 0, 0.539814, -61.6036, -33.5619, 89.7626)

[node name="tree10" parent="Environment/overworld_environment/Trees" index="9" instance=ExtResource("3_ulv51")]
transform = Transform3D(0.731218, -0.0604537, 0.67946, -0.0249855, 0.993023, 0.115241, -0.681686, -0.101243, 0.724606, -66.5161, -31.9256, 97.6029)

[node name="tree37" parent="Environment/overworld_environment/Trees" index="10" instance=ExtResource("3_ulv51")]
transform = Transform3D(0.943356, 0, -0.331782, 0, 1, 0, 0.331782, 0, 0.943356, -77.8341, -33.1773, 95.3578)

[node name="tree84" parent="Environment/overworld_environment/Trees" index="11" instance=ExtResource("3_ulv51")]
transform = Transform3D(0.920948, 0, -0.389687, 0, 1, 0, 0.389687, 0, 0.920948, -87.6256, -31.4987, 70.9588)

[node name="tree85" parent="Environment/overworld_environment/Trees" index="12" instance=ExtResource("3_ulv51")]
transform = Transform3D(0.939057, -0.0162216, 0.343378, -0.0249855, 0.993023, 0.115241, -0.342851, -0.116798, 0.932101, -95.205, -31.9256, 76.2649)

[node name="tree86" parent="Environment/overworld_environment/Trees" index="13" instance=ExtResource("5_8ccqv")]
transform = Transform3D(1.39177, 0, -0.611422, 0, 1.3653, 0, 0.588907, 0, 1.44498, -91.1222, -30.986, 49.6593)

[node name="tree87" parent="Environment/overworld_environment/Trees" index="14" instance=ExtResource("3_ulv51")]
transform = Transform3D(0.920948, 0, -0.389687, 0, 1, 0, 0.389687, 0, 0.920948, -109.037, -24.7029, 37.2413)

[node name="tree88" parent="Environment/overworld_environment/Trees" index="15" instance=ExtResource("6_ayuq1")]
transform = Transform3D(0.740369, 0, -0.321786, 0, 0.878345, 0, 0.313277, 0, 0.760478, -86.5496, -31.4236, 55.5626)

[node name="tree89" parent="Environment/overworld_environment/Trees" index="16" instance=ExtResource("3_ulv51")]
transform = Transform3D(0.532699, 0.205843, -0.82089, 7.12575e-09, 0.96997, 0.243226, 0.846305, -0.129566, 0.516702, -121.198, -31.4987, 68.664)

[node name="tree90" parent="Environment/overworld_environment/Trees" index="17" instance=ExtResource("6_ayuq1")]
transform = Transform3D(0.793623, -0.0144419, -0.147306, 1.32322e-09, 0.8053, -0.0840454, 0.142967, 0.0801682, 0.817711, -120.122, -28.4653, 53.2679)

[node name="tree91" parent="Environment/overworld_environment/Trees" index="18" instance=ExtResource("7_nsye3")]
transform = Transform3D(0.920948, 0, -0.389687, 0, 1, 0, 0.389687, 0, 0.920948, -98.8158, -32.2065, 56.5677)

[node name="tree92" parent="Environment/overworld_environment/Trees" index="19" instance=ExtResource("3_ulv51")]
transform = Transform3D(0.169109, 0, -0.985597, 0, 1, 0, 0.985597, 0, 0.169109, -116.921, -33.5619, 87.8409)

[node name="tree93" parent="Environment/overworld_environment/Trees" index="20" instance=ExtResource("3_ulv51")]
transform = Transform3D(0.939057, -0.0162216, 0.343378, -0.0249855, 0.993023, 0.115241, -0.342851, -0.116798, 0.932101, -124.501, -31.9256, 93.147)

[node name="tree94" parent="Environment/overworld_environment/Trees" index="21" instance=ExtResource("3_ulv51")]
transform = Transform3D(0.73949, 0, -0.673167, 0, 1, 0, 0.673167, 0, 0.73949, -134.049, -33.1773, 86.6689)

[node name="tree95" parent="Environment/overworld_environment/Trees" index="22" instance=ExtResource("3_ulv51")]
transform = Transform3D(-0.930136, 0, 0.367216, 0, 1, 0, -0.367216, 0, -0.930136, -137.058, -31.4987, 121.592)

[node name="tree96" parent="Environment/overworld_environment/Trees" index="23" instance=ExtResource("3_ulv51")]
transform = Transform3D(-0.930458, 0.0190522, -0.365904, -0.0249855, 0.993023, 0.115241, 0.365546, 0.116369, -0.92349, -129.61, -31.9256, 116.103)

[node name="tree97" parent="Environment/overworld_environment/Trees" index="24" instance=ExtResource("5_8ccqv")]
transform = Transform3D(-1.40565, 0, 0.576165, 0, 1.3653, 0, -0.554948, 0, -1.45939, -133.046, -30.986, 142.8)

[node name="tree98" parent="Environment/overworld_environment/Trees" index="25" instance=ExtResource("3_ulv51")]
transform = Transform3D(-0.930136, 0, 0.367216, 0, 1, 0, -0.367216, 0, -0.930136, -114.835, -24.7029, 154.779)

[node name="tree99" parent="Environment/overworld_environment/Trees" index="26" instance=ExtResource("6_ayuq1")]
transform = Transform3D(-0.747756, 0, 0.303231, 0, 0.878345, 0, -0.295212, 0, -0.768065, -137.76, -31.4236, 137.009)

[node name="tree100" parent="Environment/overworld_environment/Trees" index="27" instance=ExtResource("3_ulv51")]
transform = Transform3D(-0.553086, -0.202637, 0.808105, 7.12575e-09, 0.96997, 0.243226, -0.833124, 0.134525, -0.536477, -103.44, -31.4987, 123.071)

[node name="tree101" parent="Environment/overworld_environment/Trees" index="28" instance=ExtResource("6_ayuq1")]
transform = Transform3D(-0.79686, 0.0124915, 0.127413, 2.3884e-09, 0.8053, -0.0840454, -0.123659, -0.0804951, -0.821045, -104.142, -28.4653, 138.488)

[node name="tree102" parent="Environment/overworld_environment/Trees" index="29" instance=ExtResource("7_nsye3")]
transform = Transform3D(-0.930136, 0, 0.367216, 0, 1, 0, -0.367216, 0, -0.930136, -125.522, -32.2065, 135.707)

[node name="tree103" parent="Environment/overworld_environment/Trees" index="30" instance=ExtResource("3_ulv51")]
transform = Transform3D(-0.192984, 0, 0.981202, 0, 1, 0, -0.981202, 0, -0.192984, -108.181, -33.5619, 104.003)

[node name="tree104" parent="Environment/overworld_environment/Trees" index="31" instance=ExtResource("3_ulv51")]
transform = Transform3D(-0.930458, 0.0190522, -0.365904, -0.0249855, 0.993023, 0.115241, 0.365546, 0.116369, -0.92349, -100.733, -31.9256, 98.5148)

[node name="tree105" parent="Environment/overworld_environment/Trees" index="32" instance=ExtResource("3_ulv51")]
transform = Transform3D(-0.755614, 0, 0.655018, 0, 1, 0, -0.655018, 0, -0.755614, -91.0299, -33.1773, 104.759)

[node name="tree106" parent="Environment/overworld_environment/Trees" index="33" instance=ExtResource("3_ulv51")]
transform = Transform3D(-0.930136, 0, 0.367216, 0, 1, 0, -0.367216, 0, -0.930136, -186.442, -33.4056, 121.592)

[node name="tree107" parent="Environment/overworld_environment/Trees" index="34" instance=ExtResource("3_ulv51")]
transform = Transform3D(-0.930458, 0.0190522, -0.365904, -0.0249855, 0.993023, 0.115241, 0.365546, 0.116369, -0.92349, -178.994, -32.8649, 116.103)

[node name="tree108" parent="Environment/overworld_environment/Trees" index="35" instance=ExtResource("5_8ccqv")]
transform = Transform3D(-1.40565, 0, 0.576165, 0, 1.3653, 0, -0.554948, 0, -1.45939, -182.43, -34.2192, 142.8)

[node name="tree109" parent="Environment/overworld_environment/Trees" index="36" instance=ExtResource("3_ulv51")]
transform = Transform3D(-0.930136, 0, 0.367216, 0, 1, 0, -0.367216, 0, -0.930136, -164.219, -35.7842, 154.779)

[node name="tree110" parent="Environment/overworld_environment/Trees" index="37" instance=ExtResource("6_ayuq1")]
transform = Transform3D(-0.747756, 0, 0.303231, 0, 0.878345, 0, -0.295212, 0, -0.768065, -187.144, -34.5462, 137.009)

[node name="tree111" parent="Environment/overworld_environment/Trees" index="38" instance=ExtResource("3_ulv51")]
transform = Transform3D(-0.553086, -0.202637, 0.808105, 7.12575e-09, 0.96997, 0.243226, -0.833124, 0.134525, -0.536477, -152.824, -34.4987, 123.071)

[node name="tree112" parent="Environment/overworld_environment/Trees" index="39" instance=ExtResource("6_ayuq1")]
transform = Transform3D(-0.79686, 0.0124915, 0.127413, 2.3884e-09, 0.8053, -0.0840454, -0.123659, -0.0804951, -0.821045, -153.526, -28.4653, 138.488)

[node name="tree113" parent="Environment/overworld_environment/Trees" index="40" instance=ExtResource("7_nsye3")]
transform = Transform3D(-0.930136, 0, 0.367216, 0, 1, 0, -0.367216, 0, -0.930136, -174.906, -34.7764, 135.707)

[node name="tree114" parent="Environment/overworld_environment/Trees" index="41" instance=ExtResource("3_ulv51")]
transform = Transform3D(-0.192984, 0, 0.981202, 0, 1, 0, -0.981202, 0, -0.192984, -157.565, -33.5619, 104.003)

[node name="tree115" parent="Environment/overworld_environment/Trees" index="42" instance=ExtResource("3_ulv51")]
transform = Transform3D(-0.930458, 0.0190522, -0.365904, -0.0249855, 0.993023, 0.115241, 0.365546, 0.116369, -0.92349, -150.117, -31.9256, 98.5148)

[node name="tree116" parent="Environment/overworld_environment/Trees" index="43" instance=ExtResource("3_ulv51")]
transform = Transform3D(-0.755614, 0, 0.655018, 0, 1, 0, -0.655018, 0, -0.755614, -140.414, -33.1773, 104.759)

[node name="tree38" parent="Environment/overworld_environment/Trees" index="44" instance=ExtResource("6_ayuq1")]
transform = Transform3D(0.758384, 0, -0.273971, 0, 0.878345, 0, 0.266727, 0, 0.778982, -54.2531, -31.4236, 112.248)

[node name="tree39" parent="Environment/overworld_environment/Trees" index="45" instance=ExtResource("3_ulv51")]
transform = Transform3D(0.584193, 0.197406, -0.787242, 7.12575e-09, 0.96997, 0.243226, 0.811615, -0.142091, 0.56665, -88.0216, -33.5813, 127.475)

[node name="tree40" parent="Environment/overworld_environment/Trees" index="46" instance=ExtResource("6_ayuq1")]
transform = Transform3D(0.800966, -0.00943888, -0.096276, 1.32322e-09, 0.8053, -0.0840454, 0.09344, 0.0809099, 0.825276, -87.9031, -32.3649, 112.041)

[node name="tree41" parent="Environment/overworld_environment/Trees" index="47" instance=ExtResource("7_nsye3")]
transform = Transform3D(0.943356, 0, -0.331782, 0, 1, 0, 0.331782, 0, 0.943356, -66.4333, -32.0117, 114.013)

[node name="tree42" parent="Environment/overworld_environment/Trees" index="48" instance=ExtResource("3_ulv51")]
transform = Transform3D(0.229948, 0, -0.973203, 0, 1, 0, 0.973203, 0, 0.229948, -82.563, -33.2999, 146.349)

[node name="tree43" parent="Environment/overworld_environment/Trees" index="49" instance=ExtResource("3_ulv51")]
transform = Transform3D(0.91597, -0.0234387, 0.400561, -0.0249855, 0.993023, 0.115241, -0.400467, -0.115566, 0.908994, -89.7985, -33.3328, 152.115)

[node name="tree11" parent="Environment/overworld_environment/Trees" index="50" instance=ExtResource("6_ayuq1")]
transform = Transform3D(0.803921, 0, 0, 0, 0.878345, 0, 0, 0, 0.825756, -66.6123, -31.4236, 75.1643)

[node name="tree12" parent="Environment/overworld_environment/Trees" index="51" instance=ExtResource("7_nsye3")]
transform = Transform3D(0.498081, 0, 0.451667, 0, 0.703393, 0, -0.55118, 0, 0.408156, -77.5172, -33.0988, 80.8698)

[node name="tree13" parent="Environment/overworld_environment/Trees" index="52" instance=ExtResource("3_ulv51")]
transform = Transform3D(1, 0, 0, 0, 1, 0, 0, 0, 1, 38.6894, -37.6749, 131.644)

[node name="tree14" parent="Environment/overworld_environment/Trees" index="53" instance=ExtResource("3_ulv51")]
transform = Transform3D(0.731218, -0.0604537, 0.67946, -0.0249855, 0.993023, 0.115241, -0.681686, -0.101243, 0.724606, 33.7769, -36.8437, 139.484)

[node name="tree15" parent="Environment/overworld_environment/Trees" index="54" instance=ExtResource("5_8ccqv")]
transform = Transform3D(1.51123, 0, 0, 0, 1.3653, 0, 0, 0, 1.56901, 27.1691, -30.986, 113.391)

[node name="tree16" parent="Environment/overworld_environment/Trees" index="55" instance=ExtResource("3_ulv51")]
transform = Transform3D(1, 0, 0, 0, 1, 0, 0, 0, 1, 5.83139, -34.5974, 108.936)

[node name="tree17" parent="Environment/overworld_environment/Trees" index="56" instance=ExtResource("6_ayuq1")]
transform = Transform3D(0.803921, 0, 0, 0, 0.878345, 0, 0, 0, 0.825756, 33.6807, -34.9102, 117.046)

[node name="tree18" parent="Environment/overworld_environment/Trees" index="57" instance=ExtResource("3_ulv51")]
transform = Transform3D(0.820382, 0.13908, -0.554645, 7.12575e-09, 0.96997, 0.243226, 0.571817, -0.199538, 0.795745, 6.87674, -36.4242, 142.613)

[node name="tree19" parent="Environment/overworld_environment/Trees" index="58" instance=ExtResource("6_ayuq1")]
transform = Transform3D(0.786597, 0.0179403, 0.18299, 0, 0.8053, -0.0840454, -0.177599, 0.0794585, 0.810472, 1.86804, -33.7027, 128.015)

[node name="tree20" parent="Environment/overworld_environment/Trees" index="59" instance=ExtResource("7_nsye3")]
transform = Transform3D(1, 0, 0, 0, 1, 0, 0, 0, 1, 22.7758, -35.7843, 122.751)

[node name="tree21" parent="Environment/overworld_environment/Trees" index="60" instance=ExtResource("3_ulv51")]
transform = Transform3D(0.539814, 0, -0.841784, 0, 1, 0, 0.841784, 0, 0.539814, 18.2884, -36.6455, 158.608)

[node name="tree22" parent="Environment/overworld_environment/Trees" index="61" instance=ExtResource("3_ulv51")]
transform = Transform3D(0.731218, -0.0604537, 0.67946, -0.0249855, 0.993023, 0.115241, -0.681686, -0.101243, 0.724606, 13.3759, -37.6443, 166.448)

[node name="tree23" parent="Environment/overworld_environment/Trees" index="62" instance=ExtResource("6_ayuq1")]
transform = Transform3D(0.803921, 0, 0, 0, 0.878345, 0, 0, 0, 0.825756, 13.2797, -36.7299, 144.009)

[node name="tree24" parent="Environment/overworld_environment/Trees" index="63" instance=ExtResource("7_nsye3")]
transform = Transform3D(0.498081, 0, 0.451667, 0, 0.703393, 0, -0.55118, 0, 0.408156, 2.37483, -36.4384, 149.715)

[node name="tree25" parent="Environment/overworld_environment/Trees" index="64" instance=ExtResource("3_ulv51")]
transform = Transform3D(0.358368, 0, -0.93358, 0, 1, 0, 0.93358, 0, 0.358368, 51.662, -33.1893, 54.8986)

[node name="tree26" parent="Environment/overworld_environment/Trees" index="65" instance=ExtResource("3_ulv51")]
transform = Transform3D(0.731218, -0.0604537, 0.67946, -0.0249855, 0.993023, 0.115241, -0.681686, -0.101243, 0.724606, 46.7495, -33.3794, 62.7389)

[node name="tree27" parent="Environment/overworld_environment/Trees" index="66" instance=ExtResource("5_8ccqv")]
transform = Transform3D(1.51123, 0, 0, 0, 1.3653, 0, 0, 0, 1.56901, 40.1417, -30.5457, 36.6455)

[node name="tree28" parent="Environment/overworld_environment/Trees" index="67" instance=ExtResource("3_ulv51")]
transform = Transform3D(1, 0, 0, 0, 1, 0, 0, 0, 1, 18.804, -30.4775, 32.1903)

[node name="tree29" parent="Environment/overworld_environment/Trees" index="68" instance=ExtResource("6_ayuq1")]
transform = Transform3D(0.803921, 0, 0, 0, 0.878345, 0, 0, 0, 0.825756, 46.6533, -34.1204, 40.3002)

[node name="tree30" parent="Environment/overworld_environment/Trees" index="69" instance=ExtResource("3_ulv51")]
transform = Transform3D(0.820382, 0.13908, -0.554645, -0.116319, 0.990279, 0.07627, 0.559861, 0.00194506, 0.828584, 19.8494, -33.6036, 65.868)

[node name="tree31" parent="Environment/overworld_environment/Trees" index="70" instance=ExtResource("6_ayuq1")]
transform = Transform3D(0.786597, 0.0179403, 0.18299, 0, 0.8053, -0.0840454, -0.177599, 0.0794585, 0.810472, 14.8407, -31.1621, 51.2696)

[node name="tree32" parent="Environment/overworld_environment/Trees" index="71" instance=ExtResource("7_nsye3")]
transform = Transform3D(1, 0, 0, 0, 1, 0, 0, 0, 1, 35.7484, -32.8316, 46.0058)

[node name="tree117" parent="Environment/overworld_environment/Trees" index="72" instance=ExtResource("7_nsye3")]
transform = Transform3D(1, 0, 0, 0, 1, 0, 0, 0, 1, -12.1124, 12.6186, -84.7385)

[node name="tree118" parent="Environment/overworld_environment/Trees" index="73" instance=ExtResource("7_nsye3")]
transform = Transform3D(0.288547, 0, -0.957466, 0, 1, 0, 0.957466, 0, 0.288547, 17.9441, 12.6186, -85.0529)

[node name="tree121" parent="Environment/overworld_environment/Trees" index="74" instance=ExtResource("7_nsye3")]
transform = Transform3D(0.288547, 0, -0.957466, 0, 1, 0, 0.957466, 0, 0.288547, 71.8566, 0.839294, -61.2513)

[node name="tree122" parent="Environment/overworld_environment/Trees" index="75" instance=ExtResource("7_nsye3")]
transform = Transform3D(0.288547, 0, -0.957466, 0, 1, 0, 0.957466, 0, 0.288547, 103.623, -17.6706, -0.376556)

[node name="tree33" parent="Environment/overworld_environment/Trees" index="76" instance=ExtResource("3_ulv51")]
transform = Transform3D(0.539814, 0, -0.841784, 0, 1, 0, 0.841784, 0, 0.539814, 31.261, -33.6036, 81.8622)

[node name="tree34" parent="Environment/overworld_environment/Trees" index="77" instance=ExtResource("3_ulv51")]
transform = Transform3D(0.731218, -0.0604537, 0.67946, -0.0249855, 0.993023, 0.115241, -0.681686, -0.101243, 0.724606, 26.3485, -34.6224, 89.7025)

[node name="tree35" parent="Environment/overworld_environment/Trees" index="78" instance=ExtResource("6_ayuq1")]
transform = Transform3D(0.803921, 0, 0, 0, 0.878345, 0, 0, 0, 0.825756, 26.2523, -34.1204, 67.2639)

[node name="tree36" parent="Environment/overworld_environment/Trees" index="79" instance=ExtResource("7_nsye3")]
transform = Transform3D(0.498081, 0, 0.451667, 0, 0.703393, 0, -0.55118, 0, 0.408156, 15.3475, -34.9033, 72.9695)

[node name="tree44" parent="Environment/overworld_environment/Trees" index="80" instance=ExtResource("6_ayuq1")]
transform = Transform3D(0.723993, 0, -0.358954, 0, 0.878345, 0, 0.349462, 0, 0.743657, 108.581, -31.4236, 151.24)

[node name="tree45" parent="Environment/overworld_environment/Trees" index="81" instance=ExtResource("3_ulv51")]
transform = Transform3D(0.49025, 0.211991, -0.845408, 7.12575e-09, 0.96997, 0.243226, 0.871582, -0.119241, 0.475528, 73.3276, -36.4242, 162.614)

[node name="tree46" parent="Environment/overworld_environment/Trees" index="82" instance=ExtResource("6_ayuq1")]
transform = Transform3D(0.785593, -0.0183838, -0.187513, 1.32322e-09, 0.8053, -0.0840454, 0.18199, 0.079357, 0.809437, 75.1627, -33.7027, 147.29)

[node name="tree47" parent="Environment/overworld_environment/Trees" index="83" instance=ExtResource("7_nsye3")]
transform = Transform3D(0.900577, 0, -0.434697, 0, 1, 0, 0.434697, 0, 0.900577, 96.2799, -36.2097, 151.638)

[node name="tree48" parent="Environment/overworld_environment/Trees" index="84" instance=ExtResource("3_ulv51")]
transform = Transform3D(0.120223, 0, -0.992747, 0, 1, 0, 0.992747, 0, 0.120223, 76.652, -36.6455, 181.979)

[node name="tree49" parent="Environment/overworld_environment/Trees" index="85" instance=ExtResource("3_ulv51")]
transform = Transform3D(0.954845, -0.0104332, 0.296922, -0.0249855, 0.993023, 0.115241, -0.296053, -0.117456, 0.947923, 68.8198, -37.6443, 186.904)

[node name="tree50" parent="Environment/overworld_environment/Trees" index="86" instance=ExtResource("6_ayuq1")]
transform = Transform3D(0.723993, 0, -0.358954, 0, 0.878345, 0, 0.349462, 0, 0.743657, 78.4872, -36.7299, 166.655)

[node name="tree51" parent="Environment/overworld_environment/Trees" index="87" instance=ExtResource("7_nsye3")]
transform = Transform3D(0.688156, 0, 0.229337, 0, 0.703393, 0, -0.279865, 0, 0.563914, 66.1863, -36.4384, 167.053)

[node name="tree52" parent="Environment/overworld_environment/Trees" index="88" instance=ExtResource("3_ulv51")]
transform = Transform3D(-0.0830864, 0, -0.996542, 0, 1, 0, 0.996542, 0, -0.0830864, 151.79, -33.1893, 103.088)

[node name="tree53" parent="Environment/overworld_environment/Trees" index="89" instance=ExtResource("3_ulv51")]
transform = Transform3D(0.954845, -0.0104332, 0.296922, -0.0249855, 0.993023, 0.115241, -0.296053, -0.117456, 0.947923, 143.957, -33.3794, 108.014)

[node name="tree54" parent="Environment/overworld_environment/Trees" index="90" instance=ExtResource("5_8ccqv")]
transform = Transform3D(1.36098, 0, -0.682044, 0, 1.3653, 0, 0.656928, 0, 1.41301, 149.349, -30.5457, 81.6422)

[node name="tree55" parent="Environment/overworld_environment/Trees" index="91" instance=ExtResource("3_ulv51")]
transform = Transform3D(0.900577, 0, -0.434697, 0, 1, 0, 0.434697, 0, 0.900577, 132.07, -30.4775, 68.3545)

[node name="tree56" parent="Environment/overworld_environment/Trees" index="92" instance=ExtResource("6_ayuq1")]
transform = Transform3D(0.723993, 0, -0.358954, 0, 0.878345, 0, 0.349462, 0, 0.743657, 153.625, -34.1204, 87.7642)

[node name="tree57" parent="Environment/overworld_environment/Trees" index="93" instance=ExtResource("3_ulv51")]
transform = Transform3D(0.495447, 0.124407, -0.859683, -0.116319, 0.990279, 0.07627, 0.860815, 0.0622095, 0.505102, 118.371, -33.6036, 99.1383)

[node name="tree58" parent="Environment/overworld_environment/Trees" index="94" instance=ExtResource("6_ayuq1")]
transform = Transform3D(0.785593, -0.0183838, -0.187513, 1.32322e-09, 0.8053, -0.0840454, 0.18199, 0.079357, 0.809437, 120.207, -31.1621, 83.8141)

[node name="tree59" parent="Environment/overworld_environment/Trees" index="95" instance=ExtResource("7_nsye3")]
transform = Transform3D(0.900577, 0, -0.434697, 0, 1, 0, 0.434697, 0, 0.900577, 141.324, -32.8316, 88.1622)

[node name="tree60" parent="Environment/overworld_environment/Trees" index="96" instance=ExtResource("3_ulv51")]
transform = Transform3D(0.120223, 0, -0.992747, 0, 1, 0, 0.992747, 0, 0.120223, 121.696, -33.6036, 118.503)

[node name="tree61" parent="Environment/overworld_environment/Trees" index="97" instance=ExtResource("3_ulv51")]
transform = Transform3D(0.954845, -0.0104332, 0.296922, -0.0249855, 0.993023, 0.115241, -0.296053, -0.117456, 0.947923, 113.864, -34.6224, 123.428)

[node name="tree62" parent="Environment/overworld_environment/Trees" index="98" instance=ExtResource("6_ayuq1")]
transform = Transform3D(0.723993, 0, -0.358954, 0, 0.878345, 0, 0.349462, 0, 0.743657, 123.531, -34.1204, 103.179)

[node name="tree63" parent="Environment/overworld_environment/Trees" index="99" instance=ExtResource("7_nsye3")]
transform = Transform3D(0.688156, 0, 0.229337, 0, 0.703393, 0, -0.279865, 0, 0.563914, 111.23, -34.9033, 103.577)

[node name="tree64" parent="Environment/overworld_environment/Trees" index="100" instance=ExtResource("6_ayuq1")]
transform = Transform3D(0.746986, 0, -0.305227, 0, 0.878345, 0, 0.297156, 0, 0.767274, 92.5866, -29.6752, 124.022)

[node name="tree65" parent="Environment/overworld_environment/Trees" index="101" instance=ExtResource("3_ulv51")]
transform = Transform3D(0.550918, 0.202986, -0.809498, 7.12575e-09, 0.96997, 0.243226, 0.834559, -0.133997, 0.534374, 58.2303, -35.5261, 137.872)

[node name="tree66" parent="Environment/overworld_environment/Trees" index="102" instance=ExtResource("6_ayuq1")]
transform = Transform3D(0.796535, -0.0127008, -0.129547, 2.67915e-09, 0.8053, -0.0840454, 0.125731, 0.0804624, 0.820711, 58.9724, -31.9543, 122.456)

[node name="tree67" parent="Environment/overworld_environment/Trees" index="103" instance=ExtResource("7_nsye3")]
transform = Transform3D(0.929178, 0, -0.369633, 0, 1, 0, 0.369633, 0, 0.929178, 80.3451, -34.2914, 125.293)

[node name="tree68" parent="Environment/overworld_environment/Trees" index="104" instance=ExtResource("3_ulv51")]
transform = Transform3D(0.190432, 0, -0.9817, 0, 1, 0, 0.9817, 0, 0.190432, 62.9218, -34.8971, 156.951)

[node name="tree69" parent="Environment/overworld_environment/Trees" index="105" instance=ExtResource("3_ulv51")]
transform = Transform3D(0.931405, -0.0187495, 0.363501, -0.0249855, 0.993023, 0.115241, -0.363125, -0.116418, 0.924439, 55.4592, -35.8959, 162.421)

[node name="tree70" parent="Environment/overworld_environment/Trees" index="106" instance=ExtResource("6_ayuq1")]
transform = Transform3D(0.746986, 0, -0.305227, 0, 0.878345, 0, 0.297156, 0, 0.767274, 63.6639, -34.9815, 141.535)

[node name="tree71" parent="Environment/overworld_environment/Trees" index="107" instance=ExtResource("7_nsye3")]
transform = Transform3D(0.66654, 0, 0.268811, 0, 0.703393, 0, -0.328036, 0, 0.5462, 51.4223, -37.2411, 142.806)

[node name="tree72" parent="Environment/overworld_environment/Trees" index="108" instance=ExtResource("3_ulv51")]
transform = Transform3D(-0.0120948, 0, -0.999927, 0, 1, 0, 0.999927, 0, -0.0120948, 132.266, -32.2277, 72.9231)

[node name="tree73" parent="Environment/overworld_environment/Trees" index="109" instance=ExtResource("3_ulv51")]
transform = Transform3D(0.931405, -0.0187495, 0.363501, -0.0249855, 0.993023, 0.115241, -0.363125, -0.116418, 0.924439, 124.803, -31.631, 78.3923)

[node name="tree74" parent="Environment/overworld_environment/Trees" index="110" instance=ExtResource("5_8ccqv")]
transform = Transform3D(1.4042, 0, -0.579958, 0, 1.3653, 0, 0.558602, 0, 1.45789, 128.309, -28.7972, 51.7045)

[node name="tree75" parent="Environment/overworld_environment/Trees" index="111" instance=ExtResource("3_ulv51")]
transform = Transform3D(0.929178, 0, -0.369633, 0, 1, 0, 0.369633, 0, 0.929178, 110.129, -28.7291, 39.6777)

[node name="tree76" parent="Environment/overworld_environment/Trees" index="112" instance=ExtResource("6_ayuq1")]
transform = Transform3D(0.746986, 0, -0.305227, 0, 0.878345, 0, 0.297156, 0, 0.767274, 133.008, -32.3719, 57.5073)

[node name="tree77" parent="Environment/overworld_environment/Trees" index="113" instance=ExtResource("3_ulv51")]
transform = Transform3D(0.555337, 0.128512, -0.821636, -0.116319, 0.990279, 0.07627, 0.823451, 0.0532161, 0.564887, 98.6519, -33.3858, 71.3567)

[node name="tree78" parent="Environment/overworld_environment/Trees" index="114" instance=ExtResource("6_ayuq1")]
transform = Transform3D(0.796535, -0.0127008, -0.129547, 2.67915e-09, 0.8053, -0.0840454, 0.125731, 0.0804624, 0.820711, 99.3939, -29.4137, 55.9408)

[node name="tree79" parent="Environment/overworld_environment/Trees" index="115" instance=ExtResource("7_nsye3")]
transform = Transform3D(0.929178, 0, -0.369633, 0, 1, 0, 0.369633, 0, 0.929178, 120.767, -31.0832, 58.778)

[node name="tree80" parent="Environment/overworld_environment/Trees" index="116" instance=ExtResource("3_ulv51")]
transform = Transform3D(0.190432, 0, -0.9817, 0, 1, 0, 0.9817, 0, 0.190432, 103.343, -33.981, 90.4363)

[node name="tree81" parent="Environment/overworld_environment/Trees" index="117" instance=ExtResource("3_ulv51")]
